This file is a merged representation of a subset of the codebase, containing specifically included files, combined into a single document by Repomix.
The content has been processed where comments have been removed, empty lines have been removed.

# File Summary

## Purpose
This file contains a packed representation of the entire repository's contents.
It is designed to be easily consumable by AI systems for analysis, code review,
or other automated processes.

## File Format
The content is organized as follows:
1. This summary section
2. Repository information
3. Directory structure
4. Repository files (if enabled)
4. Multiple file entries, each consisting of:
  a. A header with the file path (## File: path/to/file)
  b. The full contents of the file in a code block

## Usage Guidelines
- This file should be treated as read-only. Any changes should be made to the
  original repository files, not this packed version.
- When processing this file, use the file path to distinguish
  between different files in the repository.
- Be aware that this file may contain sensitive information. Handle it with
  the same level of security as you would the original repository.

## Notes
- Some files may have been excluded based on .gitignore rules and Repomix's configuration
- Binary files are not included in this packed representation. Please refer to the Repository Structure section for a complete list of file paths, including binary files
- Only files matching these patterns are included: result/super_network_travel_times.csv
- Files matching patterns in .gitignore are excluded
- Files matching default ignore patterns are excluded
- Code comments have been removed from supported file types
- Empty lines have been removed from all files
- Files are sorted by Git change count (files with more changes are at the bottom)

## Additional Info

# Directory Structure
```
result/super_network_travel_times.csv
```

# Files

## File: result/super_network_travel_times.csv
```
来源/目标,ICU_30013,NICU_30012,中医科_10008,中医科_40003,中心供应室_10003,产前诊断门诊_30009,产科_30006,介入科_20013,儿科_10006,全科_10004,内诊药房_10001,内镜中心_20002,口腔一区_40005,口腔科二区_40009,呼吸内科_20011,妇科_30005,心血管内科_20006,急诊科_1,手术室_30007,手术室_40007,挂号收费_10002,挂号收费_20001,挂号收费_30001,挂号收费_40001,放射科_10005,检验中心_10007,检验中心_20003,泌尿外科_30003,消化内科_20004,烧伤整形科_30011,生殖医学科_30010,甲状腺外科_30002,病理科_20008,皮肤科_40006,眼科_40002,神经内科_20010,综合激光科_40010,耳鼻喉科_40004,肝胆胰外科_30004,肾内科_20005,肿瘤科_20012,超声科_10009,透析中心_30008,采血处_20007,门_11072,门_11083,门_11086,门_11087,门_11093,门_11094,门_11112,门_11113,门_11116,门_11118,门_11119,门_11122,门_11145,门_11146,门_11147,门_11149,门_11153,门_11154,门_11155,门_11165,门诊手术室_40008,骨科_20009
ICU_30013,1,13.25,1545.5,1537.25,10.0,496.25,454.75,3262.0,682.0,487.5,126.5,969.0,1048.75,1054.0,417.25,487.5,931.5,9056.25,19.0,10.0,166.25,114.5,124.5,127.75,268.0,221.5,218.5,403.5,296.75,291.0,463.5,298.0,19.0,517.75,619.75,472.75,531.75,799.25,453.5,361.0,2376.5,705.0,14432.0,240.5,18.0,38.5,35.0,35.0,34.75,35.0,19.0,69.0,73.0,34.0,75.0,28.0,50.5,54.25,57.5,61.25,59.5,63.25,67.5,58.0,72.5,267.25
NICU_30012,13.25,1,1557.75,1544.75,22.25,508.5,467.0,3274.25,694.25,499.75,138.75,981.25,1045.25,1050.5,429.5,492.75,943.75,9068.5,31.25,22.25,178.5,126.75,136.75,140.0,274.25,233.75,230.75,415.75,293.25,287.5,460.0,294.5,31.25,530.0,632.0,469.25,544.0,795.75,451.25,373.25,2384.0,717.25,14444.25,252.75,30.25,50.75,47.25,47.25,47.0,47.25,31.25,81.25,85.25,46.25,87.25,40.25,62.75,66.5,69.75,73.5,71.75,75.5,79.75,70.25,84.75,279.5
中医科_10008,1545.5,1557.75,1486,3024.75,1544.0,2023.0,1965.25,4788.75,2129.0,1983.0,1653.0,2504.75,2498.0,2548.0,1944.0,1978.75,2422.75,10583.0,1545.75,1536.75,1688.25,1641.25,1651.25,1652.5,1782.5,1682.0,1745.25,1930.25,1789.0,1750.0,1963.5,1800.0,1545.75,2042.5,2123.5,1922.0,2056.5,2270.25,1941.0,1887.75,3864.0,2231.75,15958.75,1767.25,1544.75,1536.0,1558.5,1561.75,1529.0,1561.75,1530.0,1592.0,1588.0,1515.0,1586.0,1525.5,1498.0,1552.0,1496.0,1550.0,1489.0,1548.0,1502.0,1516.0,1599.0,1784.25
中医科_40003,1537.25,1544.75,3024.75,1486,1537.5,2023.5,1982.0,4783.75,2192.0,2014.75,1653.75,2505.25,2525.75,2510.0,1944.5,1996.25,2440.25,10583.5,1546.25,1537.25,1693.5,1641.75,1651.75,1655.0,1795.25,1674.0,1745.75,1930.75,1760.75,1787.5,1961.75,1771.75,1546.25,2045.0,2133.0,1959.5,2059.0,2279.75,1891.0,1888.25,3814.0,2232.25,15959.25,1767.75,1545.25,1550.75,1562.25,1562.25,1543.75,1562.25,1521.25,1596.25,1600.25,1527.25,1602.25,1512.25,1529.75,1581.5,1536.75,1587.5,1538.75,1590.5,1546.75,1551.25,1599.75,1794.5
中心供应室_10003,10.0,22.25,1544.0,1537.5,1,496.25,454.75,3262.0,682.0,487.5,126.5,969.0,1057.75,1060.75,417.25,487.5,931.5,9056.25,19.0,10.0,166.25,114.5,124.5,127.75,268.0,221.75,218.5,403.5,301.75,300.0,472.5,307.0,19.0,517.75,619.75,478.75,531.75,799.25,453.75,361.0,2376.75,705.0,14432.0,240.5,18.0,38.5,35.0,35.0,33.25,35.0,19.25,69.0,73.0,34.25,75.0,28.25,49.0,54.25,56.0,61.25,58.0,63.25,66.0,58.25,72.5,267.25
产前诊断门诊_30009,496.25,508.5,2023.0,2023.5,496.25,442,871.25,3724.5,1136.25,900.25,547.5,1455.25,1528.25,1546.75,830.75,930.25,1384.0,9461.75,490.5,487.25,575.25,561.25,539.25,549.0,739.5,707.75,667.5,799.0,780.0,775.75,939.5,791.0,481.5,932.0,1041.0,952.25,935.5,1236.75,939.75,788.5,2862.75,1161.0,14881.25,671.5,495.25,515.75,506.75,511.75,517.5,511.75,505.25,492.75,492.75,519.25,492.75,514.25,528.0,489.25,533.0,496.25,537.0,498.25,544.25,544.25,499.0,710.5
产科_30006,454.75,467.0,1965.25,1982.0,454.75,871.25,404,3683.0,1052.0,879.75,513.25,1413.75,1467.5,1488.5,810.25,869.5,1323.25,9441.25,449.0,445.75,554.75,519.75,499.5,518.0,698.0,664.5,626.0,778.5,729.5,715.0,878.75,730.75,440.0,901.0,976.0,891.5,913.25,1176.0,887.5,764.5,2820.25,1124.75,14841.5,637.0,453.75,472.25,465.25,470.25,472.25,470.25,463.75,472.25,472.25,474.0,472.25,472.75,474.0,451.25,472.25,447.75,479.25,454.75,487.25,501.25,459.25,635.0
介入科_20013,3262.0,3274.25,4788.75,4783.75,3262.0,3724.5,3683.0,3240,3925.0,3721.5,3351.5,4221.0,4284.25,4289.5,3642.25,3730.5,4164.0,12281.25,3253.0,3253.0,3391.25,3339.5,3352.75,3352.75,3502.0,3473.5,3445.75,3630.0,3522.5,3536.25,3708.75,3543.25,3244.0,3742.75,3844.75,3698.5,3756.75,4034.75,3700.0,3586.0,5613.25,3948.0,17666.0,3465.5,3261.0,3281.5,3277.25,3278.0,3283.25,3278.0,3271.0,3300.0,3300.0,3285.0,3300.0,3280.0,3293.75,3296.5,3300.75,3303.5,3302.75,3305.5,3310.75,3310.0,3297.5,3492.25
儿科_10006,682.0,694.25,2129.0,2192.0,682.0,1136.25,1052.0,3925.0,640,1102.0,763.75,1641.0,1677.25,1698.25,1065.5,1111.75,1555.75,9696.5,682.0,673.0,800.25,764.5,764.5,764.5,915.25,853.25,872.5,1043.5,941.0,936.25,1100.0,952.0,682.0,1154.5,1212.0,1103.0,1168.5,1406.75,1108.25,1009.25,3031.25,1354.5,15095.0,890.5,681.0,686.25,684.5,689.5,682.75,689.5,690.75,717.75,717.75,675.75,717.75,690.75,665.25,667.0,658.25,660.0,665.25,667.0,673.25,687.25,711.0,871.0
全科_10004,487.5,499.75,1983.0,2014.75,487.5,900.25,879.75,3721.5,1102.0,435,525.5,1446.5,1514.25,1535.25,815.5,926.0,1370.0,9443.0,487.5,478.5,556.75,547.75,547.75,546.0,727.75,669.0,657.5,793.5,771.25,771.5,935.25,782.25,478.5,920.25,1038.0,938.25,918.5,1222.75,931.0,773.25,2854.0,1130.25,14880.5,656.25,486.5,507.0,488.25,493.25,508.75,493.25,496.5,474.25,474.25,510.5,474.25,505.5,501.0,447.0,499.0,445.0,497.0,438.0,489.0,501.0,486.75,698.75
内诊药房_10001,126.5,138.75,1653.0,1653.75,126.5,547.5,513.25,3351.5,763.75,525.5,46,1085.5,1147.25,1168.25,450.5,570.5,1014.5,9054.0,117.5,117.5,174.75,179.5,179.5,169.75,366.5,338.0,234.0,440.75,410.25,414.25,579.75,421.25,108.5,561.5,663.5,582.75,565.75,855.75,570.0,408.25,2493.0,757.0,14454.0,268.75,120.5,146.0,132.5,132.5,147.75,132.5,135.5,69.5,73.0,149.5,76.5,144.5,158.25,104.5,160.0,111.5,167.0,113.5,159.5,171.5,55.0,332.25
内镜中心_20002,969.0,981.25,2504.75,2505.25,969.0,1455.25,1413.75,4221.0,1641.0,1446.5,1085.5,960,2016.75,2022.0,1376.25,1446.5,1890.5,10015.25,978.0,969.0,1125.25,1073.5,1083.5,1086.75,1227.0,1189.5,1177.5,1362.5,1254.75,1259.0,1431.5,1266.0,978.0,1476.75,1578.75,1430.75,1490.75,1758.25,1421.5,1320.0,3344.5,1664.0,15391.0,1199.5,977.0,997.5,994.0,994.0,999.25,994.0,987.0,1028.0,1032.0,1001.0,1034.0,996.0,1009.75,1013.25,1016.75,1020.25,1018.75,1022.25,1026.75,1026.0,1031.5,1226.25
口腔一区_40005,1048.75,1045.25,2498.0,2525.75,1057.75,1528.25,1467.5,4284.25,1677.25,1514.25,1147.25,2016.75,1004,2031.5,1457.5,1481.0,1925.0,10086.75,1064.5,1055.5,1202.0,1156.5,1156.5,1146.75,1301.25,1234.75,1264.0,1435.5,1299.75,1268.0,1465.75,1310.75,1064.5,1536.75,1617.75,1440.0,1550.75,1764.5,1451.75,1401.25,3374.75,1745.5,15477.5,1280.75,1063.5,1065.25,1070.5,1075.5,1058.25,1075.5,1060.25,1114.5,1117.0,1051.25,1117.0,1051.25,1051.25,1075.75,1047.75,1072.25,1054.75,1079.25,1062.75,1076.75,1093.25,1286.5
口腔科二区_40009,1054.0,1050.5,2548.0,2510.0,1060.75,1546.75,1488.5,4289.5,1698.25,1535.25,1168.25,2022.0,2031.5,1004,1467.75,1502.0,1946.0,10106.75,1069.5,1060.5,1216.75,1165.0,1175.0,1167.75,1318.5,1219.0,1269.0,1454.0,1284.0,1310.75,1483.25,1295.0,1069.5,1557.75,1638.75,1482.75,1571.75,1785.5,1436.0,1411.5,3359.0,1755.5,15482.5,1291.0,1068.5,1074.0,1085.5,1085.5,1067.0,1085.5,1044.5,1119.5,1123.5,1050.5,1125.5,1035.5,1053.0,1096.75,1060.0,1093.25,1062.0,1100.25,1070.0,1074.5,1114.25,1307.5
呼吸内科_20011,417.25,429.5,1944.0,1944.5,417.25,830.75,810.25,3642.25,1065.5,815.5,450.5,1376.25,1457.5,1467.75,359,869.25,1303.5,9367.0,408.25,408.25,446.0,468.5,478.25,478.25,657.25,628.75,569.5,704.0,701.0,705.0,877.5,712.0,399.25,852.5,970.25,871.75,829.0,1166.0,860.75,694.0,2783.75,1074.5,14801.0,568.25,416.25,436.75,432.5,433.25,438.5,433.25,426.25,395.75,395.75,440.25,395.75,435.25,449.0,404.5,456.0,411.5,458.0,413.5,459.5,465.25,405.5,619.5
妇科_30005,487.5,492.75,1978.75,1996.25,487.5,930.25,869.5,3730.5,1111.75,926.0,570.5,1446.5,1481.0,1502.0,869.25,442,1359.5,9500.25,487.5,478.5,613.75,568.25,558.5,570.0,736.5,679.75,676.25,837.5,743.0,728.5,892.25,744.25,487.5,960.0,1041.0,905.0,972.25,1212.25,901.0,813.0,2833.75,1168.0,14898.75,694.25,486.5,499.75,499.75,503.5,496.25,503.5,496.5,528.75,528.75,489.25,528.75,504.25,489.25,487.5,485.75,484.0,492.75,491.0,500.75,514.75,516.5,698.25
心血管内科_20006,931.5,943.75,2422.75,2440.25,931.5,1384.0,1323.25,4164.0,1555.75,1370.0,1014.5,1890.5,1925.0,1946.0,1303.5,1359.5,886,9944.25,930.0,922.5,1054.25,1002.5,1012.25,1014.0,1179.0,1123.75,1110.5,1291.25,1177.25,1182.25,1346.0,1198.0,921.0,1404.0,1485.0,1339.25,1418.0,1656.25,1354.75,1247.25,3268.0,1612.0,15343.0,1128.5,930.5,947.25,942.0,947.0,940.25,947.0,940.5,963.0,963.0,933.25,963.0,948.25,933.25,931.5,929.75,928.0,936.75,935.0,944.75,958.75,960.5,1132.5
急诊科_1,9056.25,9068.5,10583.0,10583.5,9056.25,9461.75,9441.25,12281.25,9696.5,9443.0,9054.0,10015.25,10086.75,10106.75,9367.0,9500.25,9944.25,9000,9047.25,9047.25,9087.0,9109.25,9109.25,9109.25,9296.25,9267.75,9188.0,9345.0,9340.0,9344.0,9509.5,9351.0,9038.25,9483.5,9601.25,9512.5,9470.0,9795.25,9499.75,9334.75,11422.75,9689.75,23408.0,9200.25,9055.25,9075.75,9067.0,9072.0,9077.5,9072.0,9065.25,9037.25,9037.25,9079.25,9037.25,9074.25,9088.0,9035.5,9093.25,9042.5,9097.0,9044.5,9090.5,9102.5,9009.0,9260.25
手术室_30007,19.0,31.25,1545.75,1546.25,19.0,490.5,449.0,3253.0,682.0,487.5,117.5,978.0,1064.5,1069.5,408.25,487.5,930.0,9047.25,1,10.0,157.25,105.5,118.75,118.75,259.0,230.5,211.75,396.0,302.75,306.75,479.25,313.75,10.0,508.75,610.75,478.75,522.75,799.25,462.5,352.0,2385.5,705.0,14414.0,231.5,18.0,38.5,35.0,35.0,40.25,35.0,28.0,66.0,66.0,42.0,66.0,37.0,50.75,54.25,57.75,61.25,59.75,63.25,67.75,67.0,63.5,258.25
手术室_40007,10.0,22.25,1536.75,1537.25,10.0,487.25,445.75,3253.0,673.0,478.5,117.5,969.0,1055.5,1060.5,408.25,478.5,922.5,9047.25,10.0,1,157.25,105.5,115.5,118.75,259.0,221.5,209.5,394.5,293.75,297.75,470.25,304.75,10.0,508.75,610.75,469.75,522.75,790.25,453.5,352.0,2376.5,696.0,14423.0,231.5,9.0,29.5,26.0,26.0,31.25,26.0,19.0,60.0,64.0,33.0,66.0,28.0,41.75,45.25,48.75,52.25,50.75,54.25,58.75,58.0,63.5,258.25
挂号收费_10002,166.25,178.5,1688.25,1693.5,166.25,575.25,554.75,3391.25,800.25,556.75,174.75,1125.25,1202.0,1216.75,446.0,613.75,1054.25,9087.0,157.25,157.25,79,219.25,222.75,222.75,406.25,374.25,313.25,424.0,450.0,454.0,623.0,461.0,148.25,597.0,714.75,622.5,549.0,910.5,609.75,444.75,2532.75,795.25,14538.5,312.0,162.75,185.75,170.75,174.75,187.5,174.75,175.25,113.0,107.75,189.25,106.0,184.25,198.0,139.25,197.0,146.25,202.25,148.25,194.25,206.25,143.0,370.25
挂号收费_20001,114.5,126.75,1641.25,1641.75,114.5,561.25,519.75,3339.5,764.5,547.75,179.5,1073.5,1156.5,1165.0,468.5,568.25,1002.5,9109.25,105.5,105.5,219.25,79,189.5,189.5,354.5,326.0,275.5,456.25,398.25,402.25,574.75,409.25,96.5,579.5,681.5,570.75,583.0,865.0,558.0,412.25,2481.0,791.0,14517.5,293.5,113.5,134.0,129.75,130.5,135.75,130.5,123.5,128.0,128.0,137.5,128.0,132.5,146.25,136.75,153.25,136.75,155.25,143.75,163.25,162.5,125.5,318.5
挂号收费_30001,124.5,136.75,1651.25,1651.75,124.5,539.25,499.5,3352.75,764.5,547.75,179.5,1083.5,1156.5,1175.0,478.25,558.5,1012.25,9109.25,118.75,115.5,222.75,189.5,79,186.0,367.75,336.0,295.75,446.5,408.25,404.0,567.75,419.25,109.75,569.0,678.0,580.5,581.25,865.0,568.0,434.25,2491.0,791.0,14507.75,303.25,123.5,144.0,135.0,140.0,145.75,140.0,133.5,140.25,140.25,147.5,140.25,142.5,156.25,136.75,161.25,136.75,165.25,143.75,173.25,172.5,125.5,338.75
挂号收费_40001,127.75,140.0,1652.5,1655.0,127.75,549.0,518.0,3352.75,764.5,546.0,169.75,1086.75,1146.75,1167.75,478.25,570.0,1014.0,9109.25,118.75,118.75,222.75,189.5,186.0,79,367.75,339.25,295.75,456.25,411.5,415.5,579.25,422.5,109.75,557.5,659.5,582.25,571.5,855.25,571.25,434.25,2494.25,791.0,14517.5,303.25,126.75,147.25,143.0,143.75,149.0,143.75,136.75,140.25,140.25,150.75,140.25,145.75,159.5,136.75,159.5,136.75,166.5,143.75,174.5,175.75,115.75,338.75
放射科_10005,268.0,274.25,1782.5,1795.25,268.0,739.5,698.0,3502.0,915.25,727.75,366.5,1227.0,1301.25,1318.5,657.25,736.5,1179.0,9296.25,259.0,259.0,406.25,354.5,367.75,367.75,250,478.0,460.25,645.0,551.75,555.75,724.0,562.75,259.0,757.75,859.75,727.0,771.75,1032.5,711.5,601.0,2634.5,932.75,14672.0,480.5,267.0,266.5,257.75,262.75,273.5,262.75,277.0,315.0,315.0,284.0,315.0,286.0,287.5,289.25,294.5,296.25,296.5,298.25,304.5,316.0,312.5,507.25
检验中心_10007,221.5,233.75,1682.0,1674.0,221.75,707.75,664.5,3473.5,853.25,669.0,338.0,1189.5,1234.75,1219.0,628.75,679.75,1123.75,9267.75,230.5,221.5,374.25,326.0,336.0,339.25,478.0,180,430.0,615.0,460.0,486.75,661.0,471.0,230.5,729.25,825.5,658.75,743.25,972.25,585.0,572.5,2508.0,916.5,14643.5,452.0,229.5,222.75,246.5,246.5,215.75,246.5,205.5,278.0,274.0,201.75,272.0,196.5,200.0,238.0,198.0,236.0,196.0,234.0,183.0,183.0,284.0,478.75
检验中心_20003,218.5,230.75,1745.25,1745.75,218.5,667.5,626.0,3445.75,872.5,657.5,234.0,1177.5,1264.0,1269.0,569.5,676.25,1110.5,9188.0,211.75,209.5,313.25,275.5,295.75,295.75,460.25,430.0,180,566.0,502.25,506.25,678.75,513.25,202.75,685.75,787.75,678.25,691.0,973.0,662.0,522.0,2585.0,878.0,14588.0,380.5,208.5,238.0,225.5,225.5,239.75,225.5,227.5,222.0,222.0,241.5,222.0,236.5,250.25,230.75,257.25,237.75,259.25,239.75,267.25,266.5,189.0,428.25
泌尿外科_30003,403.5,415.75,1930.25,1930.75,403.5,799.0,778.5,3630.0,1043.5,793.5,440.75,1362.5,1435.5,1454.0,704.0,837.5,1291.25,9345.0,396.0,394.5,424.0,456.25,446.5,456.25,645.0,615.0,566.0,337,687.25,683.0,846.75,698.25,387.0,830.5,948.25,859.5,807.0,1144.0,847.0,681.75,2770.0,1054.25,14788.5,564.75,402.5,423.0,414.0,419.0,424.75,419.0,412.5,386.0,386.0,426.5,386.0,421.5,435.25,382.5,440.25,389.5,444.25,391.5,437.5,449.5,402.0,607.25
消化内科_20004,296.75,293.25,1789.0,1760.75,301.75,780.0,729.5,3522.5,941.0,771.25,410.25,1254.75,1299.75,1284.0,701.0,743.0,1177.25,9340.0,302.75,293.75,450.0,398.25,408.25,411.5,551.75,460.0,502.25,687.25,245,551.75,719.0,536.0,302.75,801.5,891.25,696.5,815.5,1038.0,677.0,644.75,2588.5,988.75,14715.75,524.25,301.75,315.0,318.75,318.75,308.0,318.75,285.5,352.75,356.75,291.5,358.75,276.5,294.0,337.75,301.0,334.25,303.0,341.25,311.0,315.5,356.25,538.75
烧伤整形科_30011,291.0,287.5,1750.0,1787.5,300.0,775.75,715.0,3536.25,936.25,771.5,414.25,1259.0,1268.0,1310.75,705.0,728.5,1182.25,9344.0,306.75,297.75,454.0,402.25,404.0,415.5,555.75,486.75,506.25,683.0,551.75,256,694.0,535.5,306.75,805.5,886.5,692.0,817.75,1033.25,692.25,648.75,2626.75,992.75,14719.75,528.25,305.75,320.75,322.75,322.75,317.25,322.75,309.0,356.75,360.75,310.25,362.75,303.25,310.25,333.0,306.75,329.5,313.75,336.5,321.75,335.75,360.25,543.75
生殖医学科_30010,463.5,460.0,1963.5,1961.75,472.5,939.5,878.75,3708.75,1100.0,935.25,579.75,1431.5,1465.75,1483.25,877.5,892.25,1346.0,9509.5,479.25,470.25,623.0,574.75,567.75,579.25,724.0,661.0,678.75,846.75,719.0,694.0,425,709.75,479.25,969.25,1050.25,881.0,981.5,1197.0,866.5,821.25,2801.0,1165.25,14892.25,700.75,478.25,488.0,493.25,495.25,481.0,495.25,481.5,529.25,533.25,474.0,535.25,477.5,474.0,496.75,470.5,493.25,477.5,500.25,485.5,499.5,525.75,707.5
甲状腺外科_30002,298.0,294.5,1800.0,1771.75,307.0,791.0,730.75,3543.25,952.0,782.25,421.25,1266.0,1310.75,1295.0,712.0,744.25,1198.0,9351.0,313.75,304.75,461.0,409.25,419.25,422.5,562.75,471.0,513.25,698.25,536.0,535.5,709.75,256,313.75,812.5,902.25,733.0,826.5,1049.0,676.5,655.75,2611.0,999.75,14726.75,535.25,312.75,326.0,329.75,329.75,319.0,329.75,296.5,363.75,367.75,302.5,369.75,287.5,305.0,348.75,312.0,345.25,314.0,352.25,322.0,326.5,367.25,559.5
病理科_20008,19.0,31.25,1545.75,1546.25,19.0,481.5,440.0,3244.0,682.0,478.5,108.5,978.0,1064.5,1069.5,399.25,487.5,921.0,9038.25,10.0,10.0,148.25,96.5,109.75,109.75,259.0,230.5,202.75,387.0,302.75,306.75,479.25,313.75,1,499.75,601.75,478.75,513.75,794.0,462.5,343.0,2385.5,705.0,14423.0,222.5,18.0,38.5,34.25,35.0,40.25,35.0,28.0,57.0,57.0,42.0,57.0,37.0,50.75,53.5,57.75,60.5,59.75,62.5,67.75,67.0,54.5,249.25
皮肤科_40006,517.75,530.0,2042.5,2045.0,517.75,932.0,901.0,3742.75,1154.5,920.25,561.5,1476.75,1536.75,1557.75,852.5,960.0,1404.0,9483.5,508.75,508.75,597.0,579.5,569.0,557.5,757.75,729.25,685.75,830.5,801.5,805.5,969.25,812.5,499.75,462,1049.5,972.25,945.75,1245.25,961.25,810.25,2884.25,1182.75,14909.25,693.25,516.75,537.25,533.0,533.75,539.0,533.75,526.75,514.5,514.5,540.75,514.5,535.75,549.5,511.0,549.5,518.0,556.5,520.0,564.5,565.75,507.5,728.75
眼科_40002,619.75,632.0,2123.5,2133.0,619.75,1041.0,976.0,3844.75,1212.0,1038.0,663.5,1578.75,1617.75,1638.75,970.25,1041.0,1485.0,9601.25,610.75,610.75,714.75,681.5,678.0,659.5,859.75,825.5,787.75,948.25,891.25,886.5,1050.25,902.25,601.75,1049.5,564,1053.25,1063.5,1326.25,1059.0,926.25,2982.0,1284.75,15011.25,797.0,618.75,634.0,630.5,635.5,634.0,635.5,628.75,632.25,632.25,635.75,632.25,637.75,635.75,611.25,630.5,607.75,637.5,614.75,645.5,659.5,609.5,795.0
神经内科_20010,472.75,469.25,1922.0,1959.5,478.75,952.25,891.5,3698.5,1103.0,938.25,582.75,1430.75,1440.0,1482.75,871.75,905.0,1339.25,9512.5,478.75,469.75,622.5,570.75,580.5,582.25,727.0,658.75,678.25,859.5,696.5,692.0,881.0,733.0,478.75,972.25,1053.25,428,986.25,1200.0,875.75,815.5,2787.25,1164.75,14891.75,696.75,477.75,491.0,494.75,494.75,484.0,494.75,482.25,528.75,531.25,477.0,531.25,475.25,477.0,499.75,473.5,496.25,480.5,503.25,488.5,502.5,528.75,700.75
综合激光科_40010,531.75,544.0,2056.5,2059.0,531.75,935.5,913.25,3756.75,1168.5,918.5,565.75,1490.75,1550.75,1571.75,829.0,972.25,1418.0,9470.0,522.75,522.75,549.0,583.0,581.25,571.5,771.75,743.25,691.0,807.0,815.5,817.75,981.5,826.5,513.75,945.75,1063.5,986.25,462,1259.25,975.25,808.5,2898.25,1179.25,14922.5,689.75,530.75,551.25,540.75,545.75,553.0,545.75,540.75,511.0,511.0,554.75,511.0,549.75,563.5,509.25,563.5,516.25,570.5,518.25,564.25,576.25,521.5,734.0
耳鼻喉科_40004,799.25,795.75,2270.25,2279.75,799.25,1236.75,1176.0,4034.75,1406.75,1222.75,855.75,1758.25,1764.5,1785.5,1166.0,1212.25,1656.25,9795.25,799.25,790.25,910.5,865.0,865.0,855.25,1032.5,972.25,973.0,1144.0,1038.0,1033.25,1197.0,1049.0,794.0,1245.25,1326.25,1200.0,1259.25,737,1205.75,1109.75,3128.75,1464.75,15203.5,989.25,798.25,796.5,801.75,806.75,789.5,806.75,797.5,825.5,825.5,782.5,825.5,797.5,782.5,784.25,777.25,780.75,784.25,787.75,792.25,806.25,801.75,995.0
肝胆胰外科_30004,453.5,451.25,1941.0,1891.0,453.75,939.75,887.5,3700.0,1108.25,931.0,570.0,1421.5,1451.75,1436.0,860.75,901.0,1354.75,9499.75,462.5,453.5,609.75,558.0,568.0,571.25,711.5,585.0,662.0,847.0,677.0,692.25,866.5,676.5,462.5,961.25,1059.0,875.75,975.25,1205.75,397,804.5,2725.0,1148.5,14875.5,684.0,461.5,467.0,478.5,478.5,460.0,478.5,437.5,512.5,516.5,443.5,518.5,428.5,446.0,497.75,453.0,502.0,455.0,506.75,463.0,467.5,516.0,710.75
肾内科_20005,361.0,373.25,1887.75,1888.25,361.0,788.5,764.5,3586.0,1009.25,773.25,408.25,1320.0,1401.25,1411.5,694.0,813.0,1247.25,9334.75,352.0,352.0,444.75,412.25,434.25,434.25,601.0,572.5,522.0,681.75,644.75,648.75,821.25,655.75,343.0,810.25,926.25,815.5,808.5,1109.75,804.5,315,2727.5,1032.25,14758.75,526.0,360.0,380.5,376.25,377.0,382.25,377.0,370.0,353.5,353.5,384.0,353.5,379.0,392.75,362.25,399.75,369.25,401.75,371.25,409.75,409.0,363.25,563.25
肿瘤科_20012,2376.5,2384.0,3864.0,3814.0,2376.75,2862.75,2820.25,5613.25,3031.25,2854.0,2493.0,3344.5,3374.75,3359.0,2783.75,2833.75,3268.0,11422.75,2385.5,2376.5,2532.75,2481.0,2491.0,2494.25,2634.5,2508.0,2585.0,2770.0,2588.5,2626.75,2801.0,2611.0,2385.5,2884.25,2982.0,2787.25,2898.25,3128.75,2725.0,2727.5,2320,3071.5,16798.5,2607.0,2384.5,2390.0,2401.5,2401.5,2383.0,2401.5,2360.5,2435.5,2439.5,2366.5,2441.5,2351.5,2369.0,2420.75,2376.0,2425.0,2378.0,2429.75,2386.0,2390.5,2439.0,2629.5
超声科_10009,705.0,717.25,2231.75,2232.25,705.0,1161.0,1124.75,3948.0,1354.5,1130.25,757.0,1664.0,1745.5,1755.5,1074.5,1168.0,1612.0,9689.75,705.0,696.0,795.25,791.0,791.0,791.0,932.75,916.5,878.0,1054.25,988.75,992.75,1165.25,999.75,705.0,1182.75,1284.75,1164.75,1179.25,1464.75,1148.5,1032.25,3071.5,670,15098.0,883.75,690.0,724.5,678.0,673.0,726.25,678.0,714.0,711.0,711.0,728.0,711.0,723.0,736.75,700.5,740.5,707.5,745.75,709.5,753.75,753.0,706.0,943.75
透析中心_30008,14432.0,14444.25,15958.75,15959.25,14432.0,14881.25,14841.5,17666.0,15095.0,14880.5,14454.0,15391.0,15477.5,15482.5,14801.0,14898.75,15343.0,23408.0,14414.0,14423.0,14538.5,14517.5,14507.75,14517.5,14672.0,14643.5,14588.0,14788.5,14715.75,14719.75,14892.25,14726.75,14423.0,14909.25,15011.25,14891.75,14922.5,15203.5,14875.5,14758.75,16798.5,15098.0,14400,14610.25,14423.25,14451.5,14440.25,14440.25,14453.25,14440.25,14441.0,14447.25,14447.25,14455.0,14447.25,14450.0,14463.75,14450.75,14470.75,14457.75,14472.75,14459.75,14480.75,14480.0,14409.0,14670.25
采血处_20007,240.5,252.75,1767.25,1767.75,240.5,671.5,637.0,3465.5,890.5,656.25,268.75,1199.5,1280.75,1291.0,568.25,694.25,1128.5,9200.25,231.5,231.5,312.0,293.5,303.25,303.25,480.5,452.0,380.5,564.75,524.25,528.25,700.75,535.25,222.5,693.25,797.0,696.75,689.75,989.25,684.0,526.0,2607.0,883.75,14610.25,184,239.5,260.0,255.75,256.5,261.75,256.5,249.5,220.75,220.75,263.5,220.75,258.5,272.25,236.5,279.25,243.5,281.25,245.5,289.25,288.5,214.75,446.25
门_11072,18.0,30.25,1544.75,1545.25,18.0,495.25,453.75,3261.0,681.0,486.5,120.5,977.0,1063.5,1068.5,416.25,486.5,930.5,9055.25,18.0,9.0,162.75,113.5,123.5,126.75,267.0,229.5,208.5,402.5,301.75,305.75,478.25,312.75,18.0,516.75,618.75,477.75,530.75,798.25,461.5,360.0,2384.5,690.0,14423.25,239.5,3.0,37.5,20.0,20.0,39.25,20.0,27.0,54.0,58.0,41.0,60.0,36.0,49.75,53.25,56.75,60.25,58.75,62.25,66.75,66.0,71.5,266.25
门_11083,38.5,50.75,1536.0,1550.75,38.5,515.75,472.25,3281.5,686.25,507.0,146.0,997.5,1065.25,1074.0,436.75,499.75,947.25,9075.75,38.5,29.5,185.75,134.0,144.0,147.25,266.5,222.75,238.0,423.0,315.0,320.75,488.0,326.0,38.5,537.25,634.0,491.0,551.25,796.5,467.0,380.5,2390.0,724.5,14451.5,260.0,37.5,3.0,54.5,54.5,10.0,54.5,35.75,88.5,92.5,27.0,94.5,42.0,41.0,70.75,48.0,67.25,50.0,74.25,58.0,72.0,92.0,286.75
门_11086,35.0,47.25,1558.5,1562.25,35.0,506.75,465.25,3277.25,684.5,488.25,132.5,994.0,1070.5,1085.5,432.5,499.75,942.0,9067.0,35.0,26.0,170.75,129.75,135.0,143.0,257.75,246.5,225.5,414.0,318.75,322.75,493.25,329.75,34.25,533.0,630.5,494.75,540.75,801.75,478.5,376.25,2401.5,678.0,14440.25,255.75,20.0,54.5,3.0,8.0,56.25,8.0,44.0,66.0,70.0,58.0,72.0,53.0,66.75,55.0,65.5,62.0,72.5,64.0,80.5,83.0,83.25,282.5
门_11087,35.0,47.25,1561.75,1562.25,35.0,511.75,470.25,3278.0,689.5,493.25,132.5,994.0,1075.5,1085.5,433.25,503.5,947.0,9072.0,35.0,26.0,174.75,130.5,140.0,143.75,262.75,246.5,225.5,419.0,318.75,322.75,495.25,329.75,35.0,533.75,635.5,494.75,545.75,806.75,478.5,377.0,2401.5,673.0,14440.25,256.5,20.0,54.5,8.0,3.0,56.25,8.0,44.0,66.0,70.0,58.0,72.0,53.0,66.75,60.0,70.5,67.0,75.75,69.0,83.75,83.0,88.25,283.25
门_11093,34.75,47.0,1529.0,1543.75,33.25,517.5,472.25,3283.25,682.75,508.75,147.75,999.25,1058.25,1067.0,438.5,496.25,940.25,9077.5,40.25,31.25,187.5,135.75,145.75,149.0,273.5,215.75,239.75,424.75,308.0,317.25,481.0,319.0,40.25,539.0,634.0,484.0,553.0,789.5,460.0,382.25,2383.0,726.25,14453.25,261.75,39.25,10.0,56.25,56.25,3.0,56.25,28.75,90.25,94.25,20.0,96.25,35.0,34.0,70.75,41.0,67.25,43.0,74.25,51.0,65.0,93.75,288.5
门_11094,35.0,47.25,1561.75,1562.25,35.0,511.75,470.25,3278.0,689.5,493.25,132.5,994.0,1075.5,1085.5,433.25,503.5,947.0,9072.0,35.0,26.0,174.75,130.5,140.0,143.75,262.75,246.5,225.5,419.0,318.75,322.75,495.25,329.75,35.0,533.75,635.5,494.75,545.75,806.75,478.5,377.0,2401.5,678.0,14440.25,256.5,20.0,54.5,8.0,8.0,56.25,3.0,44.0,66.0,70.0,58.0,72.0,53.0,66.75,60.0,70.5,67.0,75.75,69.0,83.75,83.0,88.25,283.25
门_11112,19.0,31.25,1530.0,1521.25,19.25,505.25,463.75,3271.0,690.75,496.5,135.5,987.0,1060.25,1044.5,426.25,496.5,940.5,9065.25,28.0,19.0,175.25,123.5,133.5,136.75,277.0,205.5,227.5,412.5,285.5,309.0,481.5,296.5,28.0,526.75,628.75,482.25,540.75,797.5,437.5,370.0,2360.5,714.0,14441.0,249.5,27.0,35.75,44.0,44.0,28.75,44.0,3.0,78.0,82.0,18.0,84.0,12.0,35.0,63.25,42.0,70.25,44.0,72.25,52.0,42.0,81.5,276.25
门_11113,69.0,81.25,1592.0,1596.25,69.0,492.75,472.25,3300.0,717.75,474.25,69.5,1028.0,1114.5,1119.5,395.75,528.75,963.0,9037.25,66.0,60.0,113.0,128.0,140.25,140.25,315.0,278.0,222.0,386.0,352.75,356.75,529.25,363.75,57.0,514.5,632.25,528.75,511.0,825.5,512.5,353.5,2435.5,711.0,14447.25,220.75,54.0,88.5,66.0,66.0,90.25,66.0,78.0,3.0,11.25,92.0,14.0,87.0,100.75,56.75,107.75,63.75,106.0,65.75,98.0,110.0,51.75,279.0
门_11116,73.0,85.25,1588.0,1600.25,73.0,492.75,472.25,3300.0,717.75,474.25,73.0,1032.0,1117.0,1123.5,395.75,528.75,963.0,9037.25,66.0,64.0,107.75,128.0,140.25,140.25,315.0,274.0,222.0,386.0,356.75,360.75,533.25,367.75,57.0,514.5,632.25,531.25,511.0,825.5,516.5,353.5,2439.5,711.0,14447.25,220.75,58.0,92.5,70.0,70.0,94.25,70.0,82.0,11.25,3.0,96.0,9.5,91.0,104.75,56.75,104.0,63.75,102.0,65.75,94.0,106.0,51.75,279.0
门_11118,34.0,46.25,1515.0,1527.25,34.25,519.25,474.0,3285.0,675.75,510.5,149.5,1001.0,1051.25,1050.5,440.25,489.25,933.25,9079.25,42.0,33.0,189.25,137.5,147.5,150.75,284.0,201.75,241.5,426.5,291.5,310.25,474.0,302.5,42.0,540.75,635.75,477.0,554.75,782.5,443.5,384.0,2366.5,728.0,14455.0,263.5,41.0,27.0,58.0,58.0,20.0,58.0,18.0,92.0,96.0,3.0,98.0,18.0,20.0,72.5,27.0,69.0,29.0,76.0,37.0,51.0,95.5,290.25
门_11119,75.0,87.25,1586.0,1602.25,75.0,492.75,472.25,3300.0,717.75,474.25,76.5,1034.0,1117.0,1125.5,395.75,528.75,963.0,9037.25,66.0,66.0,106.0,128.0,140.25,140.25,315.0,272.0,222.0,386.0,358.75,362.75,535.25,369.75,57.0,514.5,632.25,531.25,511.0,825.5,518.5,353.5,2441.5,711.0,14447.25,220.75,60.0,94.5,72.0,72.0,96.25,72.0,84.0,14.0,9.5,98.0,3.0,93.0,104.0,56.75,102.0,63.75,100.0,65.75,92.0,104.0,51.75,279.0
门_11122,28.0,40.25,1525.5,1512.25,28.25,514.25,472.75,3280.0,690.75,505.5,144.5,996.0,1051.25,1035.5,435.25,504.25,948.25,9074.25,37.0,28.0,184.25,132.5,142.5,145.75,286.0,196.5,236.5,421.5,276.5,303.25,477.5,287.5,37.0,535.75,637.75,475.25,549.75,797.5,428.5,379.0,2351.5,723.0,14450.0,258.5,36.0,42.0,53.0,53.0,35.0,53.0,12.0,87.0,91.0,18.0,93.0,3.0,30.5,72.25,37.5,79.25,39.5,81.25,47.5,42.0,90.5,285.25
门_11145,50.5,62.75,1498.0,1529.75,49.0,528.0,474.0,3293.75,665.25,501.0,158.25,1009.75,1051.25,1053.0,449.0,489.25,933.25,9088.0,50.75,41.75,198.0,146.25,156.25,159.5,287.5,200.0,250.25,435.25,294.0,310.25,474.0,305.0,50.75,549.5,635.75,477.0,563.5,782.5,446.0,392.75,2369.0,736.75,14463.75,272.25,49.75,41.0,66.75,66.75,34.0,66.75,35.0,100.75,104.75,20.0,104.0,30.5,3.0,70.0,10.0,68.0,12.0,66.0,20.0,34.0,104.25,293.0
门_11146,54.25,66.5,1552.0,1581.5,54.25,489.25,451.25,3296.5,667.0,447.0,104.5,1013.25,1075.75,1096.75,404.5,487.5,931.5,9035.5,54.25,45.25,139.25,136.75,136.75,136.75,289.25,238.0,230.75,382.5,337.75,333.0,496.75,348.75,53.5,511.0,611.25,499.75,509.25,784.25,497.75,362.25,2420.75,700.5,14450.75,236.5,53.25,70.75,55.0,60.0,70.75,60.0,63.25,56.75,56.75,72.5,56.75,72.25,70.0,3.0,68.0,10.0,66.0,12.0,58.0,70.0,58.75,270.25
门_11147,57.5,69.75,1496.0,1536.75,56.0,533.0,472.25,3300.75,658.25,499.0,160.0,1016.75,1047.75,1060.0,456.0,485.75,929.75,9093.25,57.75,48.75,197.0,153.25,161.25,159.5,294.5,198.0,257.25,440.25,301.0,306.75,470.5,312.0,57.75,549.5,630.5,473.5,563.5,777.25,453.0,399.75,2376.0,740.5,14470.75,279.25,56.75,48.0,65.5,70.5,41.0,70.5,42.0,107.75,104.0,27.0,102.0,37.5,10.0,68.0,3.0,66.0,10.0,64.0,18.0,32.0,106.0,291.25
门_11149,61.25,73.5,1550.0,1587.5,61.25,496.25,447.75,3303.5,660.0,445.0,111.5,1020.25,1072.25,1093.25,411.5,484.0,928.0,9042.5,61.25,52.25,146.25,136.75,136.75,136.75,296.25,236.0,237.75,389.5,334.25,329.5,493.25,345.25,60.5,518.0,607.75,496.25,516.25,780.75,502.0,369.25,2425.0,707.5,14457.75,243.5,60.25,67.25,62.0,67.0,67.25,67.0,70.25,63.75,63.75,69.0,63.75,79.25,68.0,10.0,66.0,3.0,64.0,10.0,56.0,68.0,65.75,266.75
门_11153,59.5,71.75,1489.0,1538.75,58.0,537.0,479.25,3302.75,665.25,497.0,167.0,1018.75,1054.75,1062.0,458.0,492.75,936.75,9097.0,59.75,50.75,202.25,155.25,165.25,166.5,296.5,196.0,259.25,444.25,303.0,313.75,477.5,314.0,59.75,556.5,637.5,480.5,570.5,784.25,455.0,401.75,2378.0,745.75,14472.75,281.25,58.75,50.0,72.5,75.75,43.0,75.75,44.0,106.0,102.0,29.0,100.0,39.5,12.0,66.0,10.0,64.0,3.0,62.0,16.0,30.0,113.0,298.25
门_11154,63.25,75.5,1548.0,1590.5,63.25,498.25,454.75,3305.5,667.0,438.0,113.5,1022.25,1079.25,1100.25,413.5,491.0,935.0,9044.5,63.25,54.25,148.25,143.75,143.75,143.75,298.25,234.0,239.75,391.5,341.25,336.5,500.25,352.25,62.5,520.0,614.75,503.25,518.25,787.75,506.75,371.25,2429.75,709.5,14459.75,245.5,62.25,74.25,64.0,69.0,74.25,69.0,72.25,65.75,65.75,76.0,65.75,81.25,66.0,12.0,64.0,10.0,62.0,3.0,54.0,66.0,67.75,273.75
门_11155,67.5,79.75,1502.0,1546.75,66.0,544.25,487.25,3310.75,673.25,489.0,159.5,1026.75,1062.75,1070.0,459.5,500.75,944.75,9090.5,67.75,58.75,194.25,163.25,173.25,174.5,304.5,183.0,267.25,437.5,311.0,321.75,485.5,322.0,67.75,564.5,645.5,488.5,564.25,792.25,463.0,409.75,2386.0,753.75,14480.75,289.25,66.75,58.0,80.5,83.75,51.0,83.75,52.0,98.0,94.0,37.0,92.0,47.5,20.0,58.0,18.0,56.0,16.0,54.0,3.0,22.0,113.75,306.25
门_11165,58.0,70.25,1516.0,1551.25,58.25,544.25,501.25,3310.0,687.25,501.0,171.5,1026.0,1076.75,1074.5,465.25,514.75,958.75,9102.5,67.0,58.0,206.25,162.5,172.5,175.75,316.0,183.0,266.5,449.5,315.5,335.75,499.5,326.5,67.0,565.75,659.5,502.5,576.25,806.25,467.5,409.0,2390.5,753.0,14480.0,288.5,66.0,72.0,83.0,83.0,65.0,83.0,42.0,110.0,106.0,51.0,104.0,42.0,34.0,70.0,32.0,68.0,30.0,66.0,22.0,3.0,120.5,315.25
门诊手术室_40008,72.5,84.75,1599.0,1599.75,72.5,499.0,459.25,3297.5,711.0,486.75,55.0,1031.5,1093.25,1114.25,405.5,516.5,960.5,9009.0,63.5,63.5,143.0,125.5,125.5,115.75,312.5,284.0,189.0,402.0,356.25,360.25,525.75,367.25,54.5,507.5,609.5,528.75,521.5,801.75,516.0,363.25,2439.0,706.0,14409.0,214.75,71.5,92.0,83.25,88.25,93.75,88.25,81.5,51.75,51.75,95.5,51.75,90.5,104.25,58.75,106.0,65.75,113.0,67.75,113.75,120.5,1,278.25
骨科_20009,267.25,279.5,1784.25,1794.5,267.25,710.5,635.0,3492.25,871.0,698.75,332.25,1226.25,1286.5,1307.5,619.5,698.25,1132.5,9260.25,258.25,258.25,370.25,318.5,338.75,338.75,507.25,478.75,428.25,607.25,538.75,543.75,707.5,559.5,249.25,728.75,795.0,700.75,734.0,995.0,710.75,563.25,2629.5,943.75,14670.25,446.25,266.25,286.75,282.5,283.25,288.5,283.25,276.25,279.0,279.0,290.25,279.0,285.25,293.0,270.25,291.25,266.75,298.25,273.75,306.25,315.25,278.25,223
面积,554606.00,326947.00,114436.00,158725.00,469641.00,156895.00,205904.00,292003.00,553919.00,317620.00,207908.00,463762.00,210075.00,137990.00,133453.00,273260.00,273260.00,1503304.00,432330.00,1617941.00,126317.00,6762.00,6762.00,6762.00,664487.00,482857.00,429863.00,133453.00,137990.00,116365.00,86640.00,137990.00,411610.00,156895.00,209503.00,206055.00,133453.00,273260.00,133105.00,156895.00,133067.00,217902.00,465431.00,34333.00,150.00,190.00,170.00,170.00,395.00,380.00,235.00,162.00,438.00,190.00,162.00,250.00,415.00,370.00,145.00,145.00,145.00,165.00,145.00,235.00,465431.00,205904.00
```
